	S100.8123_S2	S101.8118_S3	S102.8145_S4	S103.8150_S5	S104.8162_S6	S105.8151_S7	S106.8079_S8	S107.8192_S9	S108.8103_S10	S109.8446_S11	S110.8096_S12	S111.8449_S13	S112.8459_S14	S113.8451_S15	S114.8452_S16	S115.8234_S17	S116.8209_S18	S117.8026_S19	S118.8490_S20	S119.8130_S21	S120.8477_S22	S121.8264_S23	S122.8134_S24	S123.8176_S25	S124.8224_S26	S125.8210_S27	S126.8135_S28	S127.8112_S29	S128.8202_S30	S129.8204_S31	S130.8507_S32	S131.8274_S33	S132.8297_S34	S133.8222_S35	S134.8546_S36	S135.8381_S37	S136.8391_S38	S137.8574_S39	S138.8047_S40	S139.8583_S41	S140.8013_S42	S141.8080_S43	S142.8621_S44	S143.8071_S45	S144.8417_S46	S145.8371_S47	S146.8430_S48	S147.8369_S49	S148.8242_S50	S149.8312_S51
S100.8123_S2	0.0	0.9017199017199017	0.8817204301075269	0.9204244031830239	0.9132791327913279	0.9327073552425665	0.9336099585062241	0.9537892791127541	0.8897196261682243	0.8949320148331273	0.9040650406504065	0.9001490312965723	0.891271056661562	0.9616204690831557	0.8895265423242468	0.8986784140969163	0.9206349206349206	0.9071537290715372	0.9040650406504065	0.9124087591240876	0.9251870324189526	0.9054054054054054	0.9507735583684951	0.9151515151515152	0.9114285714285715	0.89453125	0.9236363636363636	0.9193083573487032	0.9090909090909091	0.9272727272727272	0.9023255813953488	0.929757343550447	0.9197452229299363	0.8761220825852782	0.9261083743842364	0.9043760129659644	0.8777219430485762	0.9094736842105263	0.9137931034482759	0.9617097061442564	0.8947368421052632	0.9033149171270718	0.9033942558746736	0.9095816464237517	0.8840125391849529	0.8992481203007519	0.8972503617945007	0.9614643545279383	0.89453125	0.9469026548672567
S101.8118_S3	0.9017199017199017	0.0	0.8574969021065675	0.8818897637795275	0.9004329004329005	0.9576547231270358	0.945054945054945	0.952258064516129	0.8793342579750347	0.8251428571428572	0.9306029579067122	0.8875878220140515	0.8836104513064132	0.9002961500493584	0.8391089108910891	0.8514357053682896	0.9119496855345912	0.8714107365792759	0.897908979089791	0.896457765667575	0.8821621621621621	0.9099876695437731	0.8880688806888068	0.908246225319396	0.9323621227887617	0.9063772048846676	0.8577777777777778	0.883054892601432	0.8997821350762527	0.9226736566186108	0.8426666666666667	0.873015873015873	0.8443396226415094	0.9041095890410958	0.9097744360902256	0.8691099476439791	0.8864197530864197	0.8426294820717132	0.874828060522696	0.9191836734693878	0.8632478632478633	0.8725602755453502	0.8770402611534276	0.8540925266903915	0.8745432399512789	0.8509554140127389	0.8578371810449574	0.9179755671902269	0.934010152284264	0.888663967611336
S102.8145_S4	0.8817204301075269	0.8574969021065675	0.0	0.8973384030418251	0.900126422250316	0.9335180055401662	0.9258589511754068	0.9306260575296108	0.8964401294498382	0.8727705112960761	0.8705148205928237	0.8867403314917127	0.8801128349788434	0.9250535331905781	0.8680272108843538	0.8837209302325582	0.9239904988123515	0.883453237410072	0.8525121555915721	0.909967845659164	0.8921568627450981	0.9096296296296297	0.906030855539972	0.9022346368715084	0.9268897149938042	0.9093904448105437	0.8962264150943396	0.8979591836734694	0.9168704156479217	0.9289099526066351	0.8394276629570747	0.8769633507853403	0.8894409937888199	0.8926380368098159	0.8913385826771654	0.8855421686746988	0.8911465892597968	0.8702127659574468	0.89937106918239	0.9354553492484527	0.8852459016393442	0.8801054018445322	0.9039145907473309	0.8759894459102903	0.8848314606741573	0.8857938718662952	0.8967320261437909	0.9224730127576055	0.9176090468497576	0.9116997792494481
S103.8150_S5	0.9204244031830239	0.8818897637795275	0.8973384030418251	0.0	0.9195402298850575	0.9555555555555556	0.9381107491856677	0.9622093023255814	0.908284023668639	0.8786516853932584	0.9368686868686869	0.9090909090909091	0.9208282582216809	0.908315565031983	0.8732394366197183	0.8948035487959443	0.9402823018458197	0.9118773946360154	0.8972222222222223	0.8828250401284109	0.8846611177170036	0.914364640883978	0.9236641221374046	0.9185750636132316	0.9448818897637795	0.9203007518796993	0.8963963963963963	0.935064935064935	0.9232531500572738	0.9478138222849083	0.9045751633986928	0.8781094527363185	0.8753056234718827	0.9113573407202216	0.9498069498069498	0.884450784593438	0.9057104913678619	0.9114631873252563	0.9032258064516129	0.9193976970770593	0.8947368421052632	0.8861386138613861	0.9178532311062432	0.8737373737373737	0.9125	0.906801007556675	0.8952618453865336	0.9180952380952381	0.9364161849710982	0.8973799126637555
S104.8162_S6	0.9132791327913279	0.9004329004329005	0.900126422250316	0.9195402298850575	0.0	0.9510664993726474	0.9490445859872612	0.9587020648967551	0.9206349206349206	0.9056203605514316	0.9224704336399474	0.9225181598062954	0.9173859432799013	0.9486931268151017	0.8880597014925373	0.9057071960297767	0.9267192784667418	0.927070457354759	0.9142091152815014	0.9273255813953488	0.9196919691969196	0.92904953145917	0.939877300613497	0.9116883116883117	0.9309941520467836	0.9325513196480938	0.914409534127844	0.905852417302799	0.9243119266055045	0.9425287356321839	0.9156010230179028	0.920814479638009	0.9090909090909091	0.912621359223301	0.9324324324324325	0.912751677852349	0.9168831168831169	0.9123134328358209	0.9277777777777778	0.9535452322738386	0.8942731277533039	0.9016786570743405	0.9062146892655367	0.9159953970080552	0.9183168316831684	0.9095477386934674	0.9151732377538829	0.9445438282647585	0.9325513196480938	0.9431372549019608
S105.8151_S7	0.9327073552425665	0.9576547231270358	0.9335180055401662	0.9555555555555556	0.9510664993726474	0.0	0.9579158316633266	0.9545454545454546	0.9466666666666667	0.9403824521934758	0.9297971918876755	0.9549071618037135	0.930298719772404	0.9858299595141701	0.9405684754521964	0.945260347129506	0.9426751592356688	0.9346879535558781	0.9408194233687405	0.965742251223491	0.9644902634593356	0.9558599695585996	0.9801324503311258	0.9472182596291013	0.9371584699453552	0.9451327433628318	0.9809322033898306	0.9558232931726908	0.9356110381077529	0.936247723132969	0.9541029207232267	0.9720930232558139	0.9641618497109826	0.9419152276295133	0.9511811023622048	0.9547445255474453	0.928679817905918	0.9531100478468899	0.9727272727272728	0.9874055415617129	0.9473684210526315	0.9285714285714286	0.9517078916372202	0.9503722084367245	0.9348441926345609	0.9530201342281879	0.9595959595959596	0.9765698219306467	0.9233644859813084	0.978328173374613
S106.8079_S8	0.9336099585062241	0.945054945054945	0.9258589511754068	0.9381107491856677	0.9490445859872612	0.9579158316633266	0.0	0.9289940828402367	0.9219512195121952	0.9410150891632373	0.9346938775510204	0.9397163120567376	0.9390681003584229	0.96875	0.9335548172757475	0.9352014010507881	0.9618320610687023	0.9197651663405088	0.9114470842332614	0.9362745098039216	0.9529411764705882	0.9453781512605042	0.9595588235294118	0.9500924214417745	0.9605263157894737	0.9206349206349206	0.9485714285714286	0.9449378330373002	0.9522292993630573	0.9387755102040817	0.9212598425196851	0.9574468085106383	0.9364341085271318	0.92	0.9330357142857143	0.9397590361445783	0.920892494929006	0.9480968858131488	0.9223529411764706	0.9708939708939709	0.9463548830811555	0.9438202247191011	0.95	0.9481946624803768	0.936247723132969	0.9533678756476683	0.9409780775716695	0.9702517162471396	0.9206349206349206	0.9615894039735099
S107.8192_S9	0.9537892791127541	0.952258064516129	0.9306260575296108	0.9622093023255814	0.9587020648967551	0.9545454545454546	0.9289940828402367	0.0	0.9466950959488273	0.9543147208121827	0.9481481481481482	0.9584664536741214	0.9506578947368421	0.9755501222493888	0.9500756429652042	0.9612403100775194	0.9732770745428974	0.9464594127806563	0.9481481481481482	0.9663865546218487	0.9691275167785235	0.966542750929368	0.9602763385146805	0.961082910321489	0.974512743628186	0.9473684210526315	0.9731800766283525	0.9614147909967846	0.96	0.9495412844036697	0.9417989417989417	0.9645390070921985	0.9549295774647887	0.9541984732824428	0.9282700421940928	0.9607142857142857	0.950354609929078	0.9540481400437637	0.9601593625498008	0.9845559845559846	0.9607097591888466	0.9670014347202296	0.9634641407307172	0.9658119658119658	0.9443507588532883	0.9580645161290322	0.9655172413793104	0.9807692307692307	0.9419953596287703	0.9742962056303549
S108.8103_S10	0.8897196261682243	0.8793342579750347	0.8964401294498382	0.908284023668639	0.9206349206349206	0.9466666666666667	0.9219512195121952	0.9466950959488273	0.0	0.8809849521203831	0.9292929292929293	0.8947368421052632	0.9105431309904153	0.9378806333739342	0.8632619439868204	0.8586387434554974	0.9382716049382716	0.8911917098445595	0.8761904761904762	0.8850325379609545	0.9195088676671214	0.9022556390977443	0.9179229480737019	0.8981001727115717	0.9228441754916793	0.8709677419354839	0.9008264462809917	0.9160063391442155	0.9199417758369723	0.9028077753779697	0.8923611111111112	0.9101449275362319	0.8911764705882353	0.869215291750503	0.927536231884058	0.857707509881423	0.8441814595660749	0.9078651685393259	0.8911290322580645	0.9536679536679536	0.9021164021164021	0.9006024096385542	0.9008498583569405	0.8773584905660378	0.8765217391304347	0.8980263157894737	0.9	0.9514767932489452	0.8980477223427332	0.9151670951156813
S109.8446_S11	0.8949320148331273	0.8251428571428572	0.8727705112960761	0.8786516853932584	0.9056203605514316	0.9403824521934758	0.9410150891632373	0.9543147208121827	0.8809849521203831	0.0	0.9053892215568863	0.8826291079812206	0.8833922261484098	0.9147727272727273	0.8481927710843373	0.8636911942098915	0.9218274111675127	0.8712871287128713	0.8775510204081632	0.8907103825136612	0.8848614072494669	0.9079754601226994	0.9095127610208816	0.9018691588785047	0.9229144667370645	0.9076305220883534	0.8886597938144329	0.9041713641488163	0.8980477223427332	0.9360100376411543	0.8854041013268998	0.8835164835164835	0.8594104308390023	0.9037037037037037	0.9289099526066351	0.8597883597883598	0.8726355611601513	0.8778696051423324	0.8820375335120644	0.9334377447141738	0.8676470588235294	0.8724373576309795	0.8827292110874201	0.8607888631090487	0.8641975308641975	0.8686131386861314	0.8744186046511628	0.9186851211072664	0.9272030651340997	0.8950495049504951
S110.8096_S12	0.9040650406504065	0.9306029579067122	0.8705148205928237	0.9368686868686869	0.9224704336399474	0.9297971918876755	0.9346938775510204	0.9481481481481482	0.9292929292929293	0.9053892215568863	0.0	0.9230769230769231	0.9153515064562411	0.9619450317124736	0.9238845144356955	0.9280868385345997	0.9293966623876765	0.9158050221565731	0.8695652173913043	0.9310344827586207	0.9213483146067416	0.9289099526066351	0.9621621621621622	0.9104704097116844	0.9194444444444444	0.9330985915492958	0.9372093023255814	0.9322268326417704	0.9185580774365821	0.947008547008547	0.9259796806966618	0.9335006273525721	0.9282178217821783	0.9176090468497576	0.9404388714733543	0.9195046439628483	0.9127105666156202	0.9375	0.9313725490196079	0.9677980852915579	0.9144893111638955	0.919631093544137	0.9408983451536643	0.9389788293897883	0.92524682651622	0.922425952045134	0.928	0.95635305528613	0.9372822299651568	0.9422222222222222
S111.8449_S13	0.9001490312965723	0.8875878220140515	0.8867403314917127	0.9090909090909091	0.9225181598062954	0.9549071618037135	0.9397163120567376	0.9584664536741214	0.8947368421052632	0.8826291079812206	0.9230769230769231	0.0	0.9110225763612217	0.9202185792349726	0.8900523560209425	0.8983957219251337	0.9331770222743259	0.9006993006993007	0.9124820659971306	0.9084967320261438	0.8891656288916563	0.9044006069802731	0.9288590604026845	0.9184782608695652	0.924433249370277	0.9183006535947712	0.9130434782608695	0.918848167539267	0.8980645161290323	0.9373040752351097	0.8980169971671388	0.8994974874371859	0.8897243107769424	0.9125925925925926	0.9302325581395349	0.8878787878787879	0.8855869242199108	0.9021956087824351	0.8977635782747604	0.9370008873114463	0.8901869158878505	0.8909090909090909	0.9148191365227538	0.8886010362694301	0.912	0.884180790960452	0.8772413793103448	0.9324324324324325	0.9320695102685624	0.9078651685393259
S112.8459_S14	0.891271056661562	0.8836104513064132	0.8801128349788434	0.9208282582216809	0.9173859432799013	0.930298719772404	0.9390681003584229	0.9506578947368421	0.9105431309904153	0.8833922261484098	0.9153515064562411	0.9110225763612217	0.0	0.9512195121951219	0.8891820580474934	0.8993288590604027	0.9195121951219513	0.8904899135446686	0.896551724137931	0.9257503949447078	0.9060240963855422	0.9093655589123867	0.9331550802139037	0.9195088676671214	0.9254108723135271	0.9215686274509803	0.9167616875712656	0.9148936170212766	0.9056122448979592	0.9148580968280468	0.8796433878157504	0.9115479115479116	0.9082125603864735	0.9041095890410958	0.9223880597014925	0.8868501529051988	0.8825301204819277	0.898989898989899	0.9110764430577223	0.9509888220120378	0.8955916473317865	0.8969072164948454	0.9142185663924794	0.8979591836734694	0.87627365356623	0.9086021505376344	0.8980132450331125	0.9499072356215214	0.9174917491749175	0.9265658747300216
S113.8451_S15	0.9616204690831557	0.9002961500493584	0.9250535331905781	0.908315565031983	0.9486931268151017	0.9858299595141701	0.96875	0.9755501222493888	0.9378806333739342	0.9147727272727273	0.9619450317124736	0.9202185792349726	0.9512195121951219	0.0	0.914466737064414	0.930672268907563	0.9738973897389739	0.9400428265524625	0.925754060324826	0.9041835357624831	0.9165829145728643	0.9399538106235565	0.8548601864181092	0.9504741833508957	0.9706161137440759	0.9481481481481482	0.87940234791889	0.9521871820956256	0.9593188268684958	0.9603841536614646	0.9124423963133641	0.8432563791008505	0.8564814814814815	0.9570957095709571	0.9599109131403119	0.92018779342723	0.9410480349344978	0.9270315091210614	0.9022164276401564	0.8380765456329735	0.9184060721062619	0.9374379344587885	0.9315332690453231	0.8849162011173184	0.9461697722567288	0.9379600420609885	0.9216101694915254	0.8966789667896679	0.9696969696969697	0.8202115158636898
S114.8452_S16	0.8895265423242468	0.8391089108910891	0.8680272108843538	0.8732394366197183	0.8880597014925373	0.9405684754521964	0.9335548172757475	0.9500756429652042	0.8632619439868204	0.8481927710843373	0.9238845144356955	0.8900523560209425	0.8891820580474934	0.914466737064414	0.0	0.8347826086956521	0.9137529137529138	0.8796680497925311	0.8690476190476191	0.8704318936877077	0.8963911525029103	0.8855869242199108	0.9066666666666666	0.867816091954023	0.9191797346200241	0.8977635782747604	0.8802816901408451	0.8814016172506739	0.8954489544895449	0.9073783359497645	0.8608695652173913	0.8805970149253731	0.8567774936061381	0.888235294117647	0.8967551622418879	0.8545176110260337	0.8851540616246498	0.8633993743482794	0.8865030674846626	0.928695652173913	0.8710801393728222	0.8605263157894737	0.8610763454317898	0.8506666666666667	0.8678720445062587	0.8689655172413793	0.8644295302013423	0.9269662921348315	0.9195751138088012	0.9065520945220193
S115.8234_S17	0.8986784140969163	0.8514357053682896	0.8837209302325582	0.8948035487959443	0.9057071960297767	0.945260347129506	0.9352014010507881	0.9612403100775194	0.8586387434554974	0.8636911942098915	0.9280868385345997	0.8983957219251337	0.8993288590604027	0.930672268907563	0.8347826086956521	0.0	0.9230769230769231	0.884450784593438	0.8695652173913043	0.8710801393728222	0.9143518518518519	0.8888888888888888	0.9120879120879121	0.884393063583815	0.9318734793187348	0.8974789915966387	0.8777506112469438	0.9074074074074074	0.9159561510353228	0.9238095238095239	0.8795355587808418	0.8900126422250316	0.885286783042394	0.8833592534992224	0.9230769230769231	0.8634222919937206	0.8700906344410876	0.8893401015228426	0.883495145631068	0.9389179755671903	0.8781065088757396	0.8914431673052363	0.8754716981132076	0.8621621621621621	0.8742857142857143	0.8753541076487252	0.8743169398907104	0.9334600760456274	0.9300155520995335	0.9122807017543859
S116.8209_S18	0.9206349206349206	0.9119496855345912	0.9239904988123515	0.9402823018458197	0.9267192784667418	0.9426751592356688	0.9618320610687023	0.9732770745428974	0.9382716049382716	0.9218274111675127	0.9293966623876765	0.9331770222743259	0.9195121951219513	0.9738973897389739	0.9137529137529138	0.9230769230769231	0.0	0.9320388349514563	0.9370277078085643	0.9602122015915119	0.9255663430420712	0.9390402075226978	0.9568261376896149	0.9265255292652553	0.9272300469483568	0.9449929478138223	0.9438877755511023	0.9	0.9148191365227538	0.9274074074074075	0.9255583126550868	0.9568788501026694	0.9439834024896265	0.9408740359897172	0.9264305177111717	0.9371859296482412	0.9388753056234719	0.9307282415630551	0.9520103761348897	0.9738863287250384	0.9282103134479271	0.9143518518518519	0.9362591431556949	0.9276974416017798	0.918918918918919	0.9240048250904704	0.9127837514934289	0.9663865546218487	0.9449929478138223	0.9680365296803652
S117.8026_S19	0.9071537290715372	0.8714107365792759	0.883453237410072	0.9118773946360154	0.927070457354759	0.9346879535558781	0.9197651663405088	0.9464594127806563	0.8911917098445595	0.8712871287128713	0.9158050221565731	0.9006993006993007	0.8904899135446686	0.9400428265524625	0.8796680497925311	0.884450784593438	0.9320388349514563	0.0	0.8860759493670886	0.8989547038327527	0.8981132075471698	0.9212121212121213	0.9204545454545454	0.9217877094972067	0.9276485788113695	0.8933092224231465	0.9082240762812872	0.9118457300275482	0.9171974522292994	0.9087719298245615	0.874806800618238	0.915	0.8886010362694301	0.8830313014827018	0.9153605015673981	0.9027355623100304	0.8755905511811024	0.8989690721649485	0.8966666666666666	0.9518810148731408	0.8985849056603774	0.8968253968253969	0.9099756690997567	0.8891855807743658	0.8734939759036144	0.8766716196136701	0.9117259552042161	0.9486692015209125	0.9159519725557461	0.9284928492849285
S118.8490_S20	0.9040650406504065	0.897908979089791	0.8525121555915721	0.8972222222222223	0.9142091152815014	0.9408194233687405	0.9114470842332614	0.9481481481481482	0.8761904761904762	0.8775510204081632	0.8695652173913043	0.9124820659971306	0.896551724137931	0.925754060324826	0.8690476190476191	0.8695652173913043	0.9370277078085643	0.8860759493670886	0.0	0.8922495274102079	0.9069767441860465	0.9045226130653267	0.9088098918083463	0.9065849923430321	0.9245541838134431	0.8777555110220441	0.9090909090909091	0.9166666666666666	0.9168900804289544	0.9003831417624522	0.8647746243739566	0.8937931034482759	0.8903924221921515	0.8873483535528596	0.9169435215946844	0.8771331058020477	0.881578947368421	0.8979591836734694	0.8948306595365418	0.9411764705882353	0.890840652446675	0.9026063100137174	0.9172932330827067	0.8835227272727273	0.8726114649681529	0.8985074626865671	0.8888888888888888	0.9438877755511023	0.9244604316546763	0.9051094890510949
S119.8130_S21	0.9124087591240876	0.896457765667575	0.909967845659164	0.8828250401284109	0.9273255813953488	0.965742251223491	0.9362745098039216	0.9663865546218487	0.8850325379609545	0.8907103825136612	0.9310344827586207	0.9084967320261438	0.9257503949447078	0.9041835357624831	0.8704318936877077	0.8710801393728222	0.9602122015915119	0.8989547038327527	0.8922495274102079	0.0	0.8931750741839762	0.8958742632612967	0.9084507042253521	0.9168081494057725	0.9541547277936963	0.9106753812636166	0.8961593172119487	0.9310344827586207	0.9230769230769231	0.9456740442655935	0.8786764705882353	0.8745980707395499	0.8688783570300158	0.8992248062015504	0.9486725663716814	0.8577235772357723	0.9084507042253521	0.9186176142697882	0.875	0.9263157894736842	0.8994565217391305	0.9054878048780488	0.9035971223021583	0.875605815831987	0.9150326797385621	0.909688013136289	0.8903436988543372	0.9295454545454546	0.934156378600823	0.8806818181818182
S120.8477_S22	0.9251870324189526	0.8821621621621621	0.8921568627450981	0.8846611177170036	0.9196919691969196	0.9644902634593356	0.9529411764705882	0.9691275167785235	0.9195088676671214	0.8848614072494669	0.9213483146067416	0.8891656288916563	0.9060240963855422	0.9165829145728643	0.8963911525029103	0.9143518518518519	0.9255663430420712	0.8981132075471698	0.9069767441860465	0.8931750741839762	0.0	0.9131578947368421	0.9221411192214112	0.9111111111111111	0.9309576837416481	0.9307479224376731	0.8918032786885246	0.9131985731272295	0.9004629629629629	0.9337016574585635	0.8801054018445322	0.8651960784313726	0.8928974069898534	0.9201030927835051	0.9485294117647058	0.8918558077436582	0.9191176470588235	0.9107303877366997	0.9025069637883009	0.9163071613459879	0.8726467331118494	0.8781664656212304	0.9154334038054969	0.8888888888888888	0.9232558139534883	0.8815286624203822	0.8869987849331713	0.899135446685879	0.9528795811518325	0.9024896265560166
S121.8264_S23	0.9054054054054054	0.9099876695437731	0.9096296296296297	0.914364640883978	0.92904953145917	0.9558599695585996	0.9453781512605042	0.966542750929368	0.9022556390977443	0.9079754601226994	0.9289099526066351	0.9044006069802731	0.9093655589123867	0.9399538106235565	0.8855869242199108	0.8888888888888888	0.9390402075226978	0.9212121212121213	0.9045226130653267	0.8958742632612967	0.9131578947368421	0.0	0.943952802359882	0.8975609756097561	0.9476510067114094	0.912621359223301	0.9150823827629911	0.9359886201991465	0.9234972677595629	0.9285714285714286	0.9107981220657277	0.912568306010929	0.9122340425531915	0.8975265017667845	0.9292929292929293	0.8846153846153846	0.8976897689768977	0.919202518363064	0.9077757685352622	0.9514925373134329	0.9031446540880503	0.9073033707865169	0.9020134228187919	0.9047619047619048	0.9065849923430321	0.8954758190327613	0.891566265060241	0.9468302658486708	0.926829268292683	0.9274673008323424
S122.8134_S24	0.9507735583684951	0.8880688806888068	0.906030855539972	0.9236641221374046	0.939877300613497	0.9801324503311258	0.9595588235294118	0.9602763385146805	0.9179229480737019	0.9095127610208816	0.9621621621621622	0.9288590604026845	0.9331550802139037	0.8548601864181092	0.9066666666666666	0.9120879120879121	0.9568261376896149	0.9204545454545454	0.9088098918083463	0.9084507042253521	0.9221411192214112	0.943952802359882	0.0	0.9243937232524965	0.9716312056737588	0.939799331103679	0.8991282689912827	0.9228650137741047	0.9575471698113207	0.9333333333333333	0.869983948635634	0.8633093525179856	0.8720770288858322	0.9390787518573551	0.9278996865203761	0.9148936170212766	0.9335219236209336	0.9111338100102145	0.8969072164948454	0.8760683760683761	0.9211428571428572	0.9313358302122348	0.9285714285714286	0.89280868385346	0.9243466299862448	0.9266304347826086	0.9139784946236559	0.9104477611940298	0.9638932496075353	0.8855721393034826
S123.8176_S25	0.9151515151515152	0.908246225319396	0.9022346368715084	0.9185750636132316	0.9116883116883117	0.9472182596291013	0.9500924214417745	0.961082910321489	0.8981001727115717	0.9018691588785047	0.9104704097116844	0.9184782608695652	0.9195088676671214	0.9504741833508957	0.867816091954023	0.884393063583815	0.9265255292652553	0.9217877094972067	0.9065849923430321	0.9168081494057725	0.9111111111111111	0.8975609756097561	0.9243937232524965	0.0	0.9477611940298507	0.9119718309859155	0.9159763313609467	0.9067796610169492	0.9191270860077022	0.9425287356321839	0.9176136363636364	0.9215442092154421	0.9179926560587516	0.9125	0.9418777943368107	0.8948194662480377	0.9003021148036254	0.9184890656063618	0.9238095238095239	0.9472743521000894	0.9033018867924528	0.8842975206611571	0.9054726368159204	0.8962765957446809	0.9010043041606887	0.8981348637015782	0.9034013605442177	0.944713870029098	0.9370860927152318	0.9315673289183223
S124.8224_S26	0.9114285714285715	0.9323621227887617	0.9268897149938042	0.9448818897637795	0.9309941520467836	0.9371584699453552	0.9605263157894737	0.974512743628186	0.9228441754916793	0.9229144667370645	0.9194444444444444	0.924433249370277	0.9254108723135271	0.9706161137440759	0.9191797346200241	0.9318734793187348	0.9272300469483568	0.9276485788113695	0.9245541838134431	0.9541547277936963	0.9309576837416481	0.9476510067114094	0.9716312056737588	0.9477611940298507	0.0	0.9335394126738794	0.9409282700421941	0.917098445595855	0.909541511771995	0.9526627218934911	0.9438202247191011	0.9508196721311475	0.9472551130247578	0.9318497913769124	0.9558232931726908	0.9408672798948752	0.9236947791164659	0.9330889092575618	0.9502762430939227	0.9754163362410785	0.9163952225841476	0.9241706161137441	0.93007769145394	0.9277389277389277	0.9216944801026957	0.9374233128834356	0.9374262101534829	0.9639401934916447	0.9372128637059725	0.9633204633204633
S125.8210_S27	0.89453125	0.9063772048846676	0.9093904448105437	0.9203007518796993	0.9325513196480938	0.9451327433628318	0.9206349206349206	0.9473684210526315	0.8709677419354839	0.9076305220883534	0.9330985915492958	0.9183006535947712	0.9215686274509803	0.9481481481481482	0.8977635782747604	0.8974789915966387	0.9449929478138223	0.8933092224231465	0.8777555110220441	0.9106753812636166	0.9307479224376731	0.912621359223301	0.939799331103679	0.9119718309859155	0.9335394126738794	0.0	0.922237380627558	0.9385826771653544	0.9354838709677419	0.9203539823008849	0.8897058823529411	0.9290882778581766	0.9066666666666666	0.8791666666666667	0.9123505976095617	0.9063670411985019	0.8909774436090225	0.9211711711711712	0.9018789144050104	0.9519038076152304	0.9110512129380054	0.9165402124430956	0.9140401146131805	0.9156626506024096	0.892416225749559	0.8958333333333334	0.9242658423493045	0.958109559613319	0.8951048951048951	0.9335038363171355
S126.8135_S28	0.9236363636363636	0.8577777777777778	0.8962264150943396	0.8963963963963963	0.914409534127844	0.9809322033898306	0.9485714285714286	0.9731800766283525	0.9008264462809917	0.8886597938144329	0.9372093023255814	0.9130434782608695	0.9167616875712656	0.87940234791889	0.8802816901408451	0.8777506112469438	0.9438877755511023	0.9082240762812872	0.9090909090909091	0.8961593172119487	0.8918032786885246	0.9150823827629911	0.8991282689912827	0.9159763313609467	0.9409282700421941	0.922237380627558	0.0	0.9206349206349206	0.9219251336898395	0.9516539440203562	0.9013398294762485	0.8783314020857474	0.847457627118644	0.9155107187894073	0.9477434679334917	0.8824306472919419	0.9070904645476773	0.8995475113122172	0.8695652173913043	0.8988566402814424	0.8813559322033898	0.8978675645342312	0.8995726495726496	0.8574908647990256	0.9147465437788018	0.8989298454221165	0.8849347568208779	0.9127272727272727	0.9533417402269861	0.8881922675026124
S127.8112_S29	0.9193083573487032	0.883054892601432	0.8979591836734694	0.935064935064935	0.905852417302799	0.9558232931726908	0.9449378330373002	0.9614147909967846	0.9160063391442155	0.9041713641488163	0.9322268326417704	0.918848167539267	0.9148936170212766	0.9521871820956256	0.8814016172506739	0.9074074074074074	0.9	0.9118457300275482	0.9166666666666666	0.9310344827586207	0.9131985731272295	0.9359886201991465	0.9228650137741047	0.9067796610169492	0.917098445595855	0.9385826771653544	0.9206349206349206	0.0	0.9132075471698113	0.9245901639344263	0.8869309838472834	0.9290780141843972	0.9227166276346604	0.9396914446002805	0.9162861491628614	0.9222065063649222	0.9159663865546218	0.9025125628140703	0.9240121580547113	0.9537671232876712	0.9041095890410958	0.8805369127516779	0.9211136890951276	0.9135802469135802	0.9125168236877523	0.8825214899713467	0.9009247027741083	0.9442870632672332	0.952959028831563	0.9403141361256544
S128.8202_S30	0.9090909090909091	0.8997821350762527	0.9168704156479217	0.9232531500572738	0.9243119266055045	0.9356110381077529	0.9522292993630573	0.96	0.9199417758369723	0.8980477223427332	0.9185580774365821	0.8980645161290323	0.9056122448979592	0.9593188268684958	0.8954489544895449	0.9159561510353228	0.9148191365227538	0.9171974522292994	0.9168900804289544	0.9230769230769231	0.9004629629629629	0.9234972677595629	0.9575471698113207	0.9191270860077022	0.909541511771995	0.9354838709677419	0.9219251336898395	0.9132075471698113	0.0	0.9368575624082232	0.910039113428944	0.9244644870349493	0.9170403587443946	0.922237380627558	0.9399198931909212	0.9050894085281981	0.9095744680851063	0.9153488372093024	0.927170868347339	0.9588377723970944	0.897914379802415	0.8897149938042132	0.9250814332247557	0.9095182138660399	0.9129886506935687	0.8972691807542262	0.8972431077694235	0.9463327370304114	0.9337260677466863	0.9333333333333333
S129.8204_S31	0.9272727272727272	0.9226736566186108	0.9289099526066351	0.9478138222849083	0.9425287356321839	0.936247723132969	0.9387755102040817	0.9495412844036697	0.9028077753779697	0.9360100376411543	0.947008547008547	0.9373040752351097	0.9148580968280468	0.9603841536614646	0.9073783359497645	0.9238095238095239	0.9274074074074075	0.9087719298245615	0.9003831417624522	0.9456740442655935	0.9337016574585635	0.9285714285714286	0.9333333333333333	0.9425287356321839	0.9526627218934911	0.9203539823008849	0.9516539440203562	0.9245901639344263	0.9368575624082232	0.0	0.9009009009009009	0.9488243430152143	0.9379310344827586	0.9291044776119403	0.9090909090909091	0.9285714285714286	0.907103825136612	0.9179954441913439	0.9558823529411765	0.9682386910490857	0.9302325581395349	0.9235382308845578	0.9438502673796791	0.9418439716312057	0.9008695652173913	0.9290322580645162	0.9367469879518072	0.9650793650793651	0.9230769230769231	0.9550425273390036
S130.8507_S32	0.9023255813953488	0.8426666666666667	0.8394276629570747	0.9045751633986928	0.9156010230179028	0.9541029207232267	0.9212598425196851	0.9417989417989417	0.8923611111111112	0.8854041013268998	0.9259796806966618	0.8980169971671388	0.8796433878157504	0.9124423963133641	0.8608695652173913	0.8795355587808418	0.9255583126550868	0.874806800618238	0.8647746243739566	0.8786764705882353	0.8801054018445322	0.9107981220657277	0.869983948635634	0.9176136363636364	0.9438202247191011	0.8897058823529411	0.9013398294762485	0.8869309838472834	0.910039113428944	0.9009009009009009	0.0	0.8782489740082079	0.8733153638814016	0.8885245901639345	0.8607142857142858	0.8832	0.8952959028831563	0.8382526564344747	0.8934010152284264	0.9235127478753541	0.8963051251489869	0.90625	0.9061728395061729	0.8864864864864865	0.8680981595092024	0.8933717579250721	0.897119341563786	0.9393346379647749	0.9172413793103448	0.8960573476702509
S131.8274_S33	0.929757343550447	0.873015873015873	0.8769633507853403	0.8781094527363185	0.920814479638009	0.9720930232558139	0.9574468085106383	0.9645390070921985	0.9101449275362319	0.8835164835164835	0.9335006273525721	0.8994974874371859	0.9115479115479116	0.8432563791008505	0.8805970149253731	0.8900126422250316	0.9568788501026694	0.915	0.8937931034482759	0.8745980707395499	0.8651960784313726	0.912568306010929	0.8633093525179856	0.9215442092154421	0.9508196721311475	0.9290882778581766	0.8783314020857474	0.9290780141843972	0.9244644870349493	0.9488243430152143	0.8782489740082079	0.0	0.8513341804320204	0.9247027741083224	0.9462915601023018	0.8885793871866295	0.9123711340206185	0.9126034958601656	0.8625592417061612	0.8678500986193294	0.8832035595105673	0.9097222222222222	0.9038031319910514	0.8654822335025381	0.9155446756425949	0.9052369077306733	0.8888888888888888	0.8809034907597536	0.9522510231923602	0.8436363636363636
S132.8297_S34	0.9197452229299363	0.8443396226415094	0.8894409937888199	0.8753056234718827	0.9090909090909091	0.9641618497109826	0.9364341085271318	0.9549295774647887	0.8911764705882353	0.8594104308390023	0.9282178217821783	0.8897243107769424	0.9082125603864735	0.8564814814814815	0.8567774936061381	0.885286783042394	0.9439834024896265	0.8886010362694301	0.8903924221921515	0.8688783570300158	0.8928974069898534	0.9122340425531915	0.8720770288858322	0.9179926560587516	0.9472551130247578	0.9066666666666666	0.847457627118644	0.9227166276346604	0.9170403587443946	0.9379310344827586	0.8733153638814016	0.8513341804320204	0.0	0.9126984126984127	0.9268929503916449	0.8720112517580872	0.8972691807542262	0.8869731800766284	0.8593508500772797	0.8915441176470589	0.8791208791208791	0.8946135831381733	0.896551724137931	0.8592964824120602	0.9012345679012346	0.8987654320987655	0.8723135271807838	0.9070208728652751	0.9382716049382716	0.8534883720930233
S133.8222_S35	0.8761220825852782	0.9041095890410958	0.8926380368098159	0.9113573407202216	0.912621359223301	0.9419152276295133	0.92	0.9541984732824428	0.869215291750503	0.9037037037037037	0.9176090468497576	0.9125925925925926	0.9041095890410958	0.9570957095709571	0.888235294117647	0.8833592534992224	0.9408740359897172	0.8830313014827018	0.8873483535528596	0.8992248062015504	0.9201030927835051	0.8975265017667845	0.9390787518573551	0.9125	0.9318497913769124	0.8791666666666667	0.9155107187894073	0.9396914446002805	0.922237380627558	0.9291044776119403	0.8885245901639345	0.9247027741083224	0.9126984126984127	0.0	0.9256756756756757	0.8923076923076924	0.8940397350993378	0.9047619047619048	0.9151943462897526	0.9610154125113327	0.906832298136646	0.9113573407202216	0.8990578734858681	0.9034965034965035	0.8802588996763754	0.9021406727828746	0.912981455064194	0.9573835480673935	0.8929292929292929	0.9417142857142857
S134.8546_S36	0.9261083743842364	0.9097744360902256	0.8913385826771654	0.9498069498069498	0.9324324324324325	0.9511811023622048	0.9330357142857143	0.9282700421940928	0.927536231884058	0.9289099526066351	0.9404388714733543	0.9302325581395349	0.9223880597014925	0.9599109131403119	0.8967551622418879	0.9230769230769231	0.9264305177111717	0.9153605015673981	0.9169435215946844	0.9486725663716814	0.9485294117647058	0.9292929292929293	0.9278996865203761	0.9418777943368107	0.9558232931726908	0.9123505976095617	0.9477434679334917	0.9162861491628614	0.9399198931909212	0.9090909090909091	0.8607142857142858	0.9462915601023018	0.9268929503916449	0.9256756756756757	0.0	0.9312	0.9297971918876755	0.8983240223463688	0.9421768707482994	0.9663941871026339	0.9262394195888755	0.9437908496732026	0.9373433583959899	0.938239159001314	0.9102167182662538	0.9260355029585798	0.9382716049382716	0.9697560975609756	0.9197651663405088	0.9574944071588367
S135.8381_S37	0.9043760129659644	0.8691099476439791	0.8855421686746988	0.884450784593438	0.912751677852349	0.9547445255474453	0.9397590361445783	0.9607142857142857	0.857707509881423	0.8597883597883598	0.9195046439628483	0.8878787878787879	0.8868501529051988	0.92018779342723	0.8545176110260337	0.8634222919937206	0.9371859296482412	0.9027355623100304	0.8771331058020477	0.8577235772357723	0.8918558077436582	0.8846153846153846	0.9148936170212766	0.8948194662480377	0.9408672798948752	0.9063670411985019	0.8824306472919419	0.9222065063649222	0.9050894085281981	0.9285714285714286	0.8832	0.8885793871866295	0.8720112517580872	0.8923076923076924	0.9312	0.0	0.8885298869143781	0.9023354564755839	0.8782287822878229	0.9368520263901979	0.8911138923654568	0.8643815201192251	0.8979057591623036	0.8532526475037822	0.8837209302325582	0.8909090909090909	0.879284649776453	0.9281997918834547	0.9134438305709024	0.889168765743073
S136.8391_S38	0.8777219430485762	0.8864197530864197	0.8911465892597968	0.9057104913678619	0.9168831168831169	0.928679817905918	0.920892494929006	0.950354609929078	0.8441814595660749	0.8726355611601513	0.9127105666156202	0.8855869242199108	0.8825301204819277	0.9410480349344978	0.8851540616246498	0.8700906344410876	0.9388753056234719	0.8755905511811024	0.881578947368421	0.9084507042253521	0.9191176470588235	0.8976897689768977	0.9335219236209336	0.9003021148036254	0.9236947791164659	0.8909774436090225	0.9070904645476773	0.9159663865546218	0.9095744680851063	0.907103825136612	0.8952959028831563	0.9123711340206185	0.8972691807542262	0.8940397350993378	0.9297971918876755	0.8885298869143781	0.0	0.9018789144050104	0.9078726968174204	0.9508489722966935	0.8841843088418431	0.8861111111111111	0.8991060025542784	0.8873626373626373	0.8643533123028391	0.8905325443786982	0.9053497942386831	0.9530201342281879	0.8983364140480592	0.9223744292237442
S137.8574_S39	0.9094736842105263	0.8426294820717132	0.8702127659574468	0.9114631873252563	0.9123134328358209	0.9531100478468899	0.9480968858131488	0.9540481400437637	0.9078651685393259	0.8778696051423324	0.9375	0.9021956087824351	0.898989898989899	0.9270315091210614	0.8633993743482794	0.8893401015228426	0.9307282415630551	0.8989690721649485	0.8979591836734694	0.9186176142697882	0.9107303877366997	0.919202518363064	0.9111338100102145	0.9184890656063618	0.9330889092575618	0.9211711711711712	0.8995475113122172	0.9025125628140703	0.9153488372093024	0.9179954441913439	0.8382526564344747	0.9126034958601656	0.8869731800766284	0.9047619047619048	0.8983240223463688	0.9023354564755839	0.9018789144050104	0.0	0.9054505005561735	0.9299638989169675	0.8981399468556245	0.9018112488083889	0.9054545454545454	0.898854961832061	0.8930041152263375	0.9016064257028112	0.9125475285171103	0.9455882352941176	0.9320175438596491	0.9220452640402347
S138.8047_S40	0.9137931034482759	0.874828060522696	0.89937106918239	0.9032258064516129	0.9277777777777778	0.9727272727272728	0.9223529411764706	0.9601593625498008	0.8911290322580645	0.8820375335120644	0.9313725490196079	0.8977635782747604	0.9110764430577223	0.9022164276401564	0.8865030674846626	0.883495145631068	0.9520103761348897	0.8966666666666666	0.8948306595365418	0.875	0.9025069637883009	0.9077757685352622	0.8969072164948454	0.9238095238095239	0.9502762430939227	0.9018789144050104	0.8695652173913043	0.9240121580547113	0.927170868347339	0.9558823529411765	0.8934010152284264	0.8625592417061612	0.8593508500772797	0.9151943462897526	0.9421768707482994	0.8782287822878229	0.9078726968174204	0.9054505005561735	0.0	0.9241803278688525	0.9027237354085603	0.9160739687055477	0.918774966711052	0.8848484848484849	0.9102362204724409	0.898876404494382	0.8967642526964561	0.9311475409836065	0.9389312977099237	0.8956406869220608
S139.8583_S41	0.9617097061442564	0.9191836734693878	0.9354553492484527	0.9193976970770593	0.9535452322738386	0.9874055415617129	0.9708939708939709	0.9845559845559846	0.9536679536679536	0.9334377447141738	0.9677980852915579	0.9370008873114463	0.9509888220120378	0.8380765456329735	0.928695652173913	0.9389179755671903	0.9738863287250384	0.9518810148731408	0.9411764705882353	0.9263157894736842	0.9163071613459879	0.9514925373134329	0.8760683760683761	0.9472743521000894	0.9754163362410785	0.9519038076152304	0.8988566402814424	0.9537671232876712	0.9588377723970944	0.9682386910490857	0.9235127478753541	0.8678500986193294	0.8915441176470589	0.9610154125113327	0.9663941871026339	0.9368520263901979	0.9508489722966935	0.9299638989169675	0.9241803278688525	0.0	0.9209453952730237	0.9332191780821918	0.9342105263157895	0.9155555555555556	0.9575551782682513	0.9419014084507042	0.9293286219081273	0.8839137645107794	0.97856477166822	0.851145038167939
S140.8013_S42	0.8947368421052632	0.8632478632478633	0.8852459016393442	0.8947368421052632	0.8942731277533039	0.9473684210526315	0.9463548830811555	0.9607097591888466	0.9021164021164021	0.8676470588235294	0.9144893111638955	0.8901869158878505	0.8955916473317865	0.9184060721062619	0.8710801393728222	0.8781065088757396	0.9282103134479271	0.8985849056603774	0.890840652446675	0.8994565217391305	0.8726467331118494	0.9031446540880503	0.9211428571428572	0.9033018867924528	0.9163952225841476	0.9110512129380054	0.8813559322033898	0.9041095890410958	0.897914379802415	0.9302325581395349	0.8963051251489869	0.8832035595105673	0.8791208791208791	0.906832298136646	0.9262394195888755	0.8911138923654568	0.8841843088418431	0.8981399468556245	0.9027237354085603	0.9209453952730237	0.0	0.8719723183391004	0.8867521367521367	0.8898678414096917	0.8948598130841121	0.881437125748503	0.8657074340527577	0.9076233183856502	0.9367088607594937	0.9000989119683481
S141.8080_S43	0.9033149171270718	0.8725602755453502	0.8801054018445322	0.8861386138613861	0.9016786570743405	0.9285714285714286	0.9438202247191011	0.9670014347202296	0.9006024096385542	0.8724373576309795	0.919631093544137	0.8909090909090909	0.8969072164948454	0.9374379344587885	0.8605263157894737	0.8914431673052363	0.9143518518518519	0.8968253968253969	0.9026063100137174	0.9054878048780488	0.8781664656212304	0.9073033707865169	0.9313358302122348	0.8842975206611571	0.9241706161137441	0.9165402124430956	0.8978675645342312	0.8805369127516779	0.8897149938042132	0.9235382308845578	0.90625	0.9097222222222222	0.8946135831381733	0.9113573407202216	0.9437908496732026	0.8643815201192251	0.8861111111111111	0.9018112488083889	0.9160739687055477	0.9332191780821918	0.8719723183391004	0.0	0.8993135011441648	0.8737373737373737	0.8994845360824743	0.8719346049046321	0.8710526315789474	0.9169054441260746	0.9294117647058824	0.9125395152792413
